              precision    recall  f1-score   support

           A       0.82      0.99      0.90       491
           B       1.00      1.00      1.00       563
           C       0.89      0.92      0.90       489
           D       0.83      0.96      0.89       498
           E       0.20      0.00      0.00       552
           G       0.00      0.00      0.00         0
           I       0.96      0.98      0.97       237
           L       1.00      0.44      0.61       147
           M       0.00      0.00      0.00        55
           N       0.00      0.00      0.00        31
           O       0.51      0.89      0.65        93
           P       0.00      0.00      0.00         0
           R       0.25      0.10      0.14       153
           S       0.01      0.05      0.02       104
           T       0.00      0.00      0.00         0
           U       0.43      0.05      0.08       133
           V       0.40      1.00      0.57       134
           W       1.00      0.97      0.98       132
           Y       0.00      0.00      0.00         0

    accuracy                           0.69      3812
   macro avg       0.44      0.44      0.41      3812
weighted avg       0.69      0.69      0.66      3812
