              precision    recall  f1-score   support

           A       1.00      1.00      1.00       317
           B       1.00      1.00      1.00       332
           C       1.00      1.00      1.00       327
           D       1.00      1.00      1.00       330
           E       1.00      1.00      1.00       334
           F       1.00      0.99      1.00       329
           G       1.00      1.00      1.00       330
           I       1.00      1.00      1.00       330
           L       1.00      1.00      1.00       330
           M       1.00      1.00      1.00       330
           N       1.00      1.00      1.00       327
           O       1.00      1.00      1.00       298
           P       1.00      1.00      1.00       328
           Q       1.00      1.00      1.00       330
           R       1.00      1.00      1.00       330
           S       1.00      1.00      1.00       330
           T       1.00      1.00      1.00       323
           U       1.00      1.00      1.00       330
           V       1.00      1.00      1.00       330
           W       0.99      1.00      1.00       330
           Y       1.00      1.00      1.00       330

    accuracy                           1.00      6875
   macro avg       1.00      1.00      1.00      6875
weighted avg       1.00      1.00      1.00      6875
