Acuracia geral (split por grupo, eps=0.1): 94.42%

              precision    recall  f1-score   support

           A       1.00      1.00      1.00       278
           B       1.00      1.00      1.00       450
           C       1.00      1.00      1.00       222
           D       0.99      1.00      0.99       151
           E       1.00      1.00      1.00       302
           F       0.23      0.86      0.36        14
           G       1.00      1.00      1.00       900
           I       1.00      1.00      1.00         8
           L       1.00      1.00      1.00       150
           M       1.00      1.00      1.00       832
           N       1.00      1.00      1.00       441
           O       1.00      1.00      1.00       317
           P       0.99      1.00      1.00       283
           Q       1.00      1.00      1.00       301
           R       1.00      0.89      0.94       150
           S       1.00      1.00      1.00       301
           T       1.00      0.86      0.93       302
           U       0.00      0.00      0.00       300
           V       0.54      1.00      0.71       359
           W       1.00      1.00      1.00       300
           Y       1.00      1.00      1.00       177

    accuracy                           0.94      6538
   macro avg       0.89      0.93      0.90      6538
weighted avg       0.93      0.94      0.93      6538
